79517
79505
79520
79501
79513
79506
79515
79523
79504
79506
79521
79525
79516
79506
79530
79490
79523
79512
79507
79527
79496
79512
79524
79530
79504
79520
79516
79495
79510
79515
79529
79498
79511
79519
79523
79520
79509
79517
79503
79509
79516
79510
79522
79507
79504
79521
79529
79512
79511
79525
79494
79519
79509
79511
79521
79504
79510
79523
79528
79510
79520
79507
79500
79511
79516
79527
79499
79509
79517
79523
79529
79504
79519
79499
79514
79513
79511
79525
79499
79509
79523
79525
79517
79507
79527
79495
79514
79513
79512
79513
79511
79509
79528
79526
79506
79517
79505
79505
79511
79512
79528
79501
79506
79519
79527
79522
79505
79528
79493
79517
79511
79509
79528
79494
79516
79526
79524
79513
79508
79522
79494
79512
79519
79516
79507
79508
79518
79525
79521
79507
79519
79503
79507
79515
79509
79524
79506
79502
79524
79527
79515
79506
79529
79491
79523
79508
79508
79531
79494
79513
79525
79528
79504
79521
79515
79500
79504
79516
79527
79502
79508
79515
79528
79523
79507
79514
79502
79511
79518
79512
79518
79507
79502
79526
79525
79515
79512
79524
79494
79515
79510
79512
79524
79506
79505
79527
79527
79510
79517
79508
79502
79507
79518
79528
79496
79512
79515
79527
79527
79501
79523
79497
79514
79514
79508
79529
79497
79511
79523
79525
79513
79508
79527
79495
79512
79518
79510
79514
79507
79515
79526
79524
79504
79520
79505
79510
79507
79513
79527
79501
79505
79520
79528
79515
79507
79528
79493
79519
79513
79509
79526
79497
79514
79526
79524
79510
79513
79519
79492
79515
79516
79520
79502
79511
79519
79524
79525
79501
79519
79505
79510
79515
79506
79523
79510
79502
79521
79528
79514
79511
79524
79494
79520
79511
79508
79526
79502
79508
79525
79529
79505
79521
79510
79501
79506
79517
79529
79499
79505
79519
79523
79529
79506
79516
79498
79515
79514
79512
79523
79502
79508
79522
79527
79513
79510
79526
79495
79512
79515
79510
79521
79506
79508
79527
79525
79511
79517
79504
79505
79509
79514
79527
79499
79507
79520
79532
79522
79498
79529
79493
79517
79512
79506
79531
79496
79512
79525
79525
79512
79510
79522
79498
79511
79516
79515
79512
79503
79519
79525
79524
79505
79520
79501
79513
79506
79515
79523
79504
79506
79521
79525
79516
79506
79530
79490
79523
79512
79507
79527
79496
79512
79524
79530
79504
79520
79516
79495
79510
79515
79529
79498
79511
79519
79523
79520
79509
79517
79503
79509
79516
79510
79522
79507
79504
79521
79529
79512
79511
79525
79494
79519
79509
79511
79521
79504
79510
79523
79528
79510
79520
79507
79500
79511
79516
79527
79499
79509
79517
79523
79529
79504
79519
79499
79514
79513
79511
79525
79499
79509
79523
79525
79517
79507
79527
79495
79514
79513
79512
79513
79511
79509
79528
79526
79506
79517
79505
79505
79511
79512
79528
79501
79506
79519
79527
79522
79505
79528
79493
79517
79511
79509
79528
79494
79516
79526
79524
79513
79508
79522
79494
79512
79519
79516
79507
79508
79518
79525
79521
79507
79519
79503
79507
79515
79509
79524
79506
79502
79524
79527
79515
79506
79529
79491
79523
79508
79508
79531
79494
79513
79525
79528
79504
79521
79515
79500
79504
79516
79527
79502
79508
79515
79528
79523
79507
79514
79502
79511
79518
79512
79518
79507
79502
79526
79525
79515
79512
79524
79494
79515
79510
79512
79524
79506
79505
79527
79527
79510
79517
79508
79502
79507
79518
79528
79496
79512
79515
79527
79527
79501
79523
79497
79514
79514
79508
79529
79497
79511
79523
79525
79513
79508
79527
79495
79512
79518
79510
79514
79507
79515
79526
79524
79504
79520
79505
79510
79507
79513
79527
79501
79505
79520
79528
79515
79507
79528
79493
79519
79513
79509
79526
79497
79514
79526
79524
79510
79513
79519
79492
79515
79516
79520
79502
79511
79519
79524
79525
79501
79519
79505
79510
79515
79506
79523
79510
79502
79521
79528
79514
79511
79524
79494
79520
79511
79508
79526
79502
79508
79525
79529
79505
79521
79510
79501
79506
79517
79529
79499
79505
79519
79523
79529
79506
79516
79498
79515
79514
79512
79523
79502
79508
79522
79527
79513
79510
79526
79495
79512
79515
79510
79521
79506
79508
79527
79525
79511
79517
79504
79505
79509
79514
79527
79499
79507
79520
79532
79522
79498
79529
79493
79517
79512
79506
79531
79496
79512
79525
79525
79512
79510
79522
79498
79511
79516
79515
79512
79503
79519
79525
79524
79505
79520
79501
79513
79506
79515
79523
79504
79506
79521
79525
79516
79506
79530
79490
79523
79512
79507
79527
79496
79512
79524
79530
79504
79520
79516
79495
79510
79515
79529
79498
79511
79519
79523
79520
79509
79517
79503
79509
79516
79510
79522
79507
79504
79521
79529
79512
79511
79525
79494
79519
79509
79511
79521
79504
79510
79523
79528
79510
79520
79507
79500
79511
79516
79527
79499
79509
79517
79523
79529
79504
79519
79499
79514
79513
79511
79525
79499
79509
79523
79525
79517
79507
79527
79495
79514
79513
79512
79513
79511
79509
79528
79526
79506
79517
79505
79505
79511
79512
79528
79501
79506
79519
79527
79522
79505
79528
79493
79517
79511
79509
79528
79494
79516
79526
79524
79513
79508
79522
79494
79512
79519
79516
79507
79508
79518
79525
79521
79507
79519
79503
79507
79515
79509
79524
79506
79502
79524
79527
79515
79506
79529
79491
79523
79508
79508
79531
79494
79513
79525
79528
79504
79521
79515
79500
79504
79516
79527
79502
79508
79515
79528
79523
79507
79514
79502
79511
79518
79512
79518
79507
79502
79526
79525
79515
79512
79524
79494
79515
79510
79512
79524
79506
79505
79527
79527
79510
79517
79508
79502
79507
79518
79528
79496
79512
79515
79527
79527
79501
79523
79497
79514
79514
79508
79529
79497
79511
79523
79525
79513
79508
79527
79495
79512
79518
79510
79514
79507
79515
79526
79524
79504
79520
79505
79510
79507
79513
79527
79501
79505
79520
79528
79515
79507
79528
79493
79519
79513
79509
79526
79497
79514
79526
79524
79510
79513
79519
79492
79515
79516
79520
79502
79511
79519
79524
79525
79501
79519
79505
79510
79515
79506
79523
79510
79502
79521
79528
79514
79511
79524
79494
79520
79511
79508
79526
79502
79508
79525
79529
79505
79521
79510
79501
79506
79517
79529
79499
79505
79519
79523
79529
79506
79516
79498
79515
79514
79512
79523
79502
79508
79522
