[array([[ 0,  1,  0],
        [-1,  0,  0],
        [ 0,  0,  1]], dtype=int64),
 array([[ 0,  1,  0],
        [ 0,  0, -1],
        [-1,  0,  0]], dtype=int64),
 array([[ 0,  1,  0],
        [ 1,  0,  0],
        [ 0,  0, -1]], dtype=int64),
 array([[0, 1, 0],
        [0, 0, 1],
        [1, 0, 0]], dtype=int64),
 array([[1, 0, 0],
        [0, 1, 0],
        [0, 0, 1]], dtype=int64),
 array([[ 0,  0,  1],
        [ 0,  1,  0],
        [-1,  0,  0]], dtype=int64),
 array([[-1,  0,  0],
        [ 0,  1,  0],
        [ 0,  0, -1]], dtype=int64),
 array([[ 0,  0, -1],
        [ 0,  1,  0],
        [ 1,  0,  0]], dtype=int64),
 array([[ 1,  0,  0],
        [ 0,  0, -1],
        [ 0,  1,  0]], dtype=int64),
 array([[0, 0, 1],
        [1, 0, 0],
        [0, 1, 0]], dtype=int64),
 array([[-1,  0,  0],
        [ 0,  0,  1],
        [ 0,  1,  0]], dtype=int64),
 array([[ 0,  0, -1],
        [-1,  0,  0],
        [ 0,  1,  0]], dtype=int64),
 array([[ 0, -1,  0],
        [ 1,  0,  0],
        [ 0,  0,  1]], dtype=int64),
 array([[ 0, -1,  0],
        [ 0,  0, -1],
        [ 1,  0,  0]], dtype=int64),
 array([[ 0, -1,  0],
        [-1,  0,  0],
        [ 0,  0, -1]], dtype=int64),
 array([[ 0, -1,  0],
        [ 0,  0,  1],
        [-1,  0,  0]], dtype=int64),
 array([[ 1,  0,  0],
        [ 0, -1,  0],
        [ 0,  0, -1]], dtype=int64),
 array([[ 0,  0, -1],
        [ 0, -1,  0],
        [-1,  0,  0]], dtype=int64),
 array([[-1,  0,  0],
        [ 0, -1,  0],
        [ 0,  0,  1]], dtype=int64),
 array([[ 0,  0,  1],
        [ 0, -1,  0],
        [ 1,  0,  0]], dtype=int64),
 array([[ 1,  0,  0],
        [ 0,  0,  1],
        [ 0, -1,  0]], dtype=int64),
 array([[ 0,  0, -1],
        [ 1,  0,  0],
        [ 0, -1,  0]], dtype=int64),
 array([[-1,  0,  0],
        [ 0,  0, -1],
        [ 0, -1,  0]], dtype=int64),
 array([[ 0,  0,  1],
        [-1,  0,  0],
        [ 0, -1,  0]], dtype=int64)]