942480
942240
941760
941640
941400
941220
941160
941040
940800
940680
940500
940320
939960
939840
939600
939120
938880
938700
938520
938400
938280
938160
937860
937800
937440
937200
937080
936720
936600
936360
936180
936000
935760
935640
935340
935280
934920
934800
934560
934200
934080
933840
933660
933240
933120
932880
932400
932040
931920
931680
931560
931320
931140
930960
930720
930600
930240
929880
929520
929280
929040
928800
928620
928200
928080
927960
927360
927000
926640
926520
926100
925920
925680
925200
924840
924480
924120
924000
923760
923580
923400
923160
923040
922740
922680
922320
921960
921600
921480
921060
920880
920700
920640
920160
920040
919800
919440
919380
919080
918960
918720
918540
918120
918000
917700
917280
916560
916440
916020
915840
915600
915120
914940
914760
914400
913920
913680
913500
913080
912960
912600
912240
911520
911400
910980
910800
910560
910140
909720
909360
908880
908820
908460
908040
907920
907200
906840
906360
905940
905760
905520
904680
903840
903600
903420
903240
903000
902880
902160
901320
900900
900480
900000
899640
898920
898800
898560
898380
897600
897120
896400
896280
895860
895440
894960
894600
894240
893760
892800
892320
892080
891000
890400
889560
889200
888720
888300
887040
885780
885600
885360
884520
883680
882000
881280
880320
879840
879480
879120
878220
877800
876960
875160
874440
873600
873180
871920
871200
870480
870240
869400
868560
868140
866880
864360
861840
861120
859320
856800
855360
854280
851760
850080
846720
844200
841680
840840
839160
836640
835380
831600
829920
826560
819000
816480
813960
811440
803880
786240
